100000000
0  0
-3.74385e-06  0.722194
4.74944e-06  1.68512
1.00559e-06  2.40732
9.49888e-06  3.37024
5.75503e-06  4.09244
1.42483e-05  5.05537
1.05045e-05  5.77756
1.89978e-05  6.74049
1.52539e-05  7.46268
1.15101e-05  8.18488
2.00033e-05  9.1478
1.62595e-05  9.87
2.47528e-05  10.8329
2.10089e-05  11.5551
2.95022e-05  12.518
2.57583e-05  13.2402
3.42516e-05  14.2032
3.05077e-05  14.9254
3.52571e-05  16.6105
3.15133e-05  17.3327
4.00065e-05  18.2956
3.62627e-05  19.0178
4.47559e-05  19.9807
4.10121e-05  20.7029
4.95054e-05  21.6659
4.57615e-05  22.388
5.05109e-05  24.0732
4.67671e-05  24.7954
5.52604e-05  25.7583
5.15165e-05  26.4805
6.00097e-05  27.4434
5.62659e-05  28.1656
6.47591e-05  29.1285
6.10152e-05  29.8507
6.95085e-05  30.8137
6.57646e-05  31.5359
6.20207e-05  32.258
7.0514e-05  33.221
6.67701e-05  33.9432
7.52633e-05  34.9061
7.15195e-05  35.6283
8.00127e-05  36.5912
7.62688e-05  37.3134
8.47621e-05  38.2763
8.10182e-05  38.9985
7.72743e-05  39.7207
8.57676e-05  40.6837
8.20237e-05  41.4059
9.0517e-05  42.3688
8.67731e-05  43.091
9.52664e-05  44.0539
9.15226e-05  44.7761
0.000100016  45.739
9.6272e-05  46.4612
9.25281e-05  47.1834
0.000101021  48.1463
9.72775e-05  48.8685
0.000105771  49.8315
0.000102027  50.5537
0.00011052  51.5166
0.000106776  52.2388
0.00011527  53.2017
0.000111526  53.9239
0.000116275  55.609
0.000112531  56.3312
0.000121025  57.2941
0.000117281  58.0163
0.000125774  58.9793
0.00012203  59.7015
0.000130523  60.6644
0.000126779  61.3866
0.000131529  63.0717
0.000127785  63.7939
0.000136278  64.7568
0.000132534  65.479
0.000141028  66.442
0.000137284  67.1641
0.000145777  68.1271
0.000142033  68.8493
0.000150526  69.8122
0.000146783  70.5344
0.000143039  71.2566
0.000151532  72.2195
0.000147788  72.9417
0.000156281  73.9046
0.000152538  74.6268
0.000161031  75.5898
0.000157287  76.312
0.00016578  77.2749
0.000162036  77.9971
0.000166786  79.6822
0.000163042  80.4044
0.000171535  81.3673
0.000167791  82.0895
0.000176284  83.0524
0.000172541  83.7746
0.000181034  84.7376
0.00017729  85.4598
0.000182039  87.1449
0.000178295  87.8671
0.000186789  88.83
0.000183045  89.5522
0.000191538  90.5151
0.000187794  91.2373
0.000196287  92.2002
0.000192543  92.9224
0.000197293  94.6076
0.000193549  95.3298
0.000202042  96.2927
0.000198298  97.0149
0.000206791  97.9778
0.000203048  98.7
0.000211541  99.6629
